0.005	0.44999622769176895
0.005199824712083057	0.44999592014764855
0.0054076354072779284	0.44999558753055074
0.00562375124493982	0.44999522779638224
0.005848504139609186	0.44999483873440665
0.006082239270771981	0.44999441795365924
0.006325315612992435	0.44999396286825455
0.0065781064872325705	0.44999347068149675
0.006841000134205159	0.44999293836869403
0.007114400310640699	0.4499923626585727
0.007398726909384176	0.4499917400131762
0.007694416604273947	0.449991066606126
0.008001923520793174	0.44999033829910945
0.0083217199335238	0.4499895506164532
0.008654296991474247	0.44998869871762204
0.009000165472394768	0.44998777736747825
0.009359856567238999	0.4499867809041158
0.009733922695976446	0.44998570320407316
0.010122938356008892	0.4499845376447125
0.010527501004493693	0.4499832770635307
0.010948231975929102	0.4499819137141565
0.011385777436410813	0.4499804392187613
0.011840809376025323	0.44997884451659187
0.012314026640904249	0.4499771198083098
0.012806156006524605	0.4499752544957956
0.013317953293903503	0.44997323711704895
0.013850204530401474	0.4499710552757845
0.014403727156917259	0.44996869556529273
0.014979371283328038	0.44996614348609865
0.015578020994103286	0.449963383356913
0.016200595706097387	0.44996039821833117
0.016848051580606368	0.4499571697286886
0.0175213829918574	0.4499536780514358
0.018221624054186376	0.44994990173334215
0.018949850210249072	0.44994581757278335
0.01970717988270509	0.44994140047730613
0.0204947761919112	0.44993662330959905
0.02131384874226227	0.44993145672092594
0.02216565547992315	0.44992586897100495
0.023051504624804726	0.4499198257332315
0.02397275667975129	0.44991328988405566
0.024930826520024988	0.44990622127522684
0.025927185566296314	0.44989857648751697
0.02696336404447814	0.44989030856441925
0.028040953335873843	0.4498813667241992
0.029161608421248927	0.44987169604854327
0.030327050422579906	0.4498612371459119
0.031539069246383986	0.4498499257875459
0.03279952633268924	0.4498376925139164
0.03411035751386729	0.44982446220922795
0.035473575987719025	0.4498101536413932
0.036891275409379504	0.44979467896469305
0.038365633106790704	0.4497779431821095
0.03989891342468043	0.4497598435640846
0.04149347120218315	0.44974026902019226
0.04315175538944372	0.44971909941994026
0.04487631280875853	0.44969620485861095
0.04666979206603041	0.449671444863733
0.04853494761854454	0.4496446675374233
0.05047464400531292	0.44961570862946876
0.05249186024648422	0.4495843905356123
0.05458969441857578	0.44955052121507666
0.05677136841255455	0.44951389302089484
0.05904023288207452	0.4494742814361171
0.06139977238946997	0.44943144370843213
0.06385361075740818	0.44938511737516373
0.06640551663442071	0.44933501866999176
0.06905940928286068	0.4492808408020924
0.07181936459817538	0.4492222520976836
0.07468962136873908	0.4491588939932192
0.07767458778585924	0.44909037886867015
0.08077884821395513	0.4490162877084819
0.08400717023130605	0.4489361675768877
0.08736451195218267	0.44884952889330115
0.09085602964160698	0.44875584249248135
0.09448708563443572	0.4486545364530966
0.0982632565709294	0.44854499267716286
0.10219034196145531	0.44842654320164277
0.1062743730934787	0.44829846622222796
0.11052162229452099	0.4481599818080143
0.11493861256531201	0.4480102472844085
0.11953212759792992	0.44784835226018327
0.12430922219431624	0.4476733132731332
0.12927723310116584	0.44748406802728
0.1344437902778328	0.4472794691930491
0.13981682861455733	0.4470582777402968
0.14540460011901132	0.4468191557725369
0.15121568658987802	0.44656065882920154
0.15725901279693086	0.44628122762132605
0.16354386018785338	0.4459791791646738
0.17007988114285127	0.44565269727308676
0.17687711379894935	0.4452998223737839
0.18394599746674078	0.4449184406055052
0.19129738866326526	0.4445062721598878
0.19894257778564078	0.44406085882632973
0.20689330645105616	0.4435795507009697
0.21516178552975496	0.44305949202138917
0.2237607138987068	0.44249760609037175
0.23270329794476852	0.4418905792547072
0.24200327184728676	0.4412348439087814
0.25167491867129516	0.44052656049779215
0.2617330923036988	0.4397615985021234
0.2721932402661378	0.4389355163930154
0.28307142743956476	0.43804354056053096
0.29438436073697494	0.43708054322834644
0.30614941476217916	0.436041019386578
0.3183846584940289	0.4349190627941949
0.33110888303707525	0.433708341127223
0.3443416304812806	0.4324020703785746
0.3581032239151068	0.43099298865075397
0.37241479863807697	0.42947332952477446
0.3872983346207417	0.4278347952383609
0.40277669026190893	0.4260685299650168
0.41887363749497974	0.42416509355401566
0.43561389829730296	0.4221144361711463
0.4530231826586305	0.4199058743725527
0.47112822806697247	0.4175280692507586
0.489956840572509	0.41496900741455967
0.5095379374926144	0.4122159857045351
0.5299015918235854	0.40925560070507216
0.5510790784272861	0.4060737442935724
0.5731029220636316	0.4026556066692609
0.5960069473426967	0.39898568852880634
0.6198263306731476	0.39504782430439556
0.6445976542867992	0.3908252186518713
0.6703589624222543	0.3863004986710428
0.6971498197539188	0.3814557846549579
0.7250113721561355	0.37627278249577467
0.7539864098957436	0.3707329012156377
0.7841194333501342	0.36481739943253433
0.8154567213517188	0.3585075649008437
0.8480464022637785	0.3517849315670478
0.8819385278968653	0.34463153883034864
0.9171851503792542	0.3370302378666531
0.9538404020995326	0.3289650499257496
0.9919605788440775	0.3204215813997604
1.0316042262571292	0.31138750013006106
1.0728322297562287	0.3018530768025094
1.1157079080411207	0.29181179429741655
1.1602971103397428	0.2812610264191714
1.2066683175406308	0.27020278542660375
1.2548927473670908	0.25864453510441743
1.3050444637546406	0.24660006263664075
1.3572004905997117	0.234090398141859
1.4114409300543267	0.22114476529107996
1.4678490855483954	0.2078015398564833
1.5265115897286137	0.19410918527412002
1.587518537510407	0.18012712534784886
1.650963624447313	0.16592650416650398
1.7169442906302705	0.15159077237029012
1.7855618703378384	0.13721602747537376
1.8569217476671882	0.12291102464955087
1.93113351838486	0.10879676401569827
2.008311158245898	0.09500555243598424
2.0885731980398345	0.08167943337510852
2.1720429056323733	0.06896787981543898
2.258848475282382	0.05702465465735965
2.3491232245248916	0.04600376325892989
2.4430057989225524	0.036054456675348866
2.5406403849999415	0.02731529462032184
2.64217693168778	0.019907346775849336
2.747771380617183	0.013926701570579913
2.85758590561756	0.009436563241992752
2.9717891617860874	0.006459348952939231
3.0905565445111773	0.004969342767941859
3.2140704588478464	0.0048866128593926285
3.3425205996586342	0.0060730372573818605
3.4761042429503273	0.008331389804064693
3.6150265488539777	0.011408481915147739
3.7595008767134463	0.01500329921664819
3.909749112766498	0.01878086959654292
4.06600201092161	0.02239220087336733
4.228499547153917	0.025499985181793652
4.397491288064593	0.02780885266666607
4.573236774169643	0.029097776959371918
4.756005918506865	0.029250867840906986
4.946079421173052	0.028281422562772447
5.143749200428219	0.0263430877771496
5.3493188410288255	0.023721819100875743
5.563104060478635	0.020803653923877653
5.785433193913284	0.018016757698621415
6.016647698363178	0.01575208020198341
6.257102677169296	0.014274843221678515
6.5071674253571965	0.013647346760084268
6.767225996806843	0.013689150025658918
7.0376777940894275	0.013999411084058267
7.318938181876874	0.014054243091733842
7.611439124866317	0.013368364709601632
7.915629851199148	0.011679715567367693
8.231977542393528	0.009089718688718688
8.560968050850128	0.006086789240282317
8.9031066460328	0.0034100046928776766
9.258918790470457	0.0017736514460628388
9.628950946771685	0.001550648507512607
10.013771416891787	0.0025644974199216285
10.413971214940982	0.004124884956795098
10.830164974874343	0.0053435569892317574
11.262991894457603	0.0056088668986881175
11.713116716958355	0.004952461849038818
12.18123075207064	0.004020758363125532
12.668052937640605	0.0035665150008932552
13.17433094382399	0.0037715648652850626
13.700842321371306	0.004013719419639959
14.248395695803977	0.003462190937152137
14.817832009315884	0.0020587288672467754
15.41002581230721	0.0007867730875343586
16.025886606534556	0.0006858803685764874
16.66636024193986	0.001603227627794687
17.33243036930348	0.0023147976352976807
18.025119950952632	0.0020920444221611276
18.745492831844956	0.0016266038646389571
19.494655373440636	0.0017383540049388836
20.273758152871885	0.001815572170905132
21.083997730019707	0.0010255229748269913
21.92661848521192	0.0002999791840726815
22.80291453036441	0.0007277912257135834
23.714231696501347	0.0012720803629799682
24.661969600706197	0.0010115682153005318
25.647583795678628	0.0009601987722717661
26.672588005198154	0.0010195594814140531
27.738556448927888	0.0003517792160807097
28.84712626012923	0.0003249708069109897
