0.005	0.
0.005199824712083057	-5.551115123125783e-17
0.0054076354072779284	0.
0.00562375124493982	5.551115123125783e-17
0.005848504139609186	0.
0.006082239270771981	-5.551115123125783e-17
0.006325315612992435	-5.551115123125783e-17
0.0065781064872325705	5.551115123125783e-17
0.006841000134205159	0.
0.007114400310640699	5.551115123125783e-17
0.007398726909384176	0.
0.007694416604273947	1.6653345369377348e-16
0.008001923520793174	5.551115123125783e-17
0.0083217199335238	1.1102230246251565e-16
0.008654296991474247	5.551115123125783e-17
0.009000165472394768	1.1102230246251565e-16
0.009359856567238999	2.220446049250313e-16
0.009733922695976446	1.6653345369377348e-16
0.010122938356008892	2.7755575615628914e-16
0.010527501004493693	3.885780586188048e-16
0.010948231975929102	3.885780586188048e-16
0.011385777436410813	4.996003610813204e-16
0.011840809376025323	6.661338147750939e-16
0.012314026640904249	8.326672684688674e-16
0.012806156006524605	1.1102230246251565e-15
0.013317953293903503	1.3877787807814457e-15
0.013850204530401474	1.7208456881689926e-15
0.014403727156917259	2.220446049250313e-15
0.014979371283328038	2.886579864025407e-15
0.015578020994103286	3.552713678800501e-15
0.016200595706097387	4.551914400963142e-15
0.016848051580606368	5.717648576819556e-15
0.0175213829918574	7.16093850883226e-15
0.018221624054186376	9.048317650695026e-15
0.018949850210249072	1.149080830487037e-14
0.01970717988270509	1.459943277382081e-14
0.0204947761919112	1.84297022087776e-14
0.02131384874226227	2.3203661214665772e-14
0.02216565547992315	2.942091015256665e-14
0.023051504624804726	3.7192471324942744e-14
0.02397275667975129	4.7128967395337895e-14
0.024930826520024988	5.956346527113965e-14
0.025927185566296314	7.532863222081687e-14
0.02696336404447814	9.54236689665322e-14
0.028040953335873843	1.20570220474292e-13
0.029161608421248927	1.5248913243226525e-13
0.030327050422579906	1.9290125052862095e-13
0.031539069246383986	2.4408253196384067e-13
0.03279952633268924	3.086975119970248e-13
0.03411035751386729	3.9063197121436133e-13
0.035473575987719025	4.941047571094259e-13
0.036891275409379504	6.250555628639631e-13
0.038365633106790704	7.907008381380365e-13
0.03989891342468043	1.0004219674897286e-12
0.04149347120218315	1.2654322034677534e-12
0.04315175538944372	1.6008305792070132e-12
0.04487631280875853	2.0250467969162855e-12
0.04666979206603041	2.561728607020086e-12
0.04853494761854454	3.2406299865783694e-12
0.05047464400531292	4.099554029579622e-12
0.05249186024648422	5.185962770326569e-12
0.05458969441857578	6.56030785251005e-12
0.05677136841255455	8.298861597921814e-12
0.05904023288207452	1.0498046876250555e-11
0.06139977238946997	1.3280154753658735e-11
0.06385361075740818	1.6799284185964325e-11
0.06640551663442071	2.1251000958955046e-11
0.06905940928286068	2.6882218673307534e-11
0.07181936459817538	3.4005520621605e-11
0.07468962136873908	4.301597966716031e-11
0.07767458778585924	5.441375128256709e-11
0.08077884821395513	6.883127401380307e-11
0.08400717023130605	8.706796394974958e-11
0.08736451195218267	1.1013567835505e-10
0.09085602964160698	1.393138937544336e-10
0.09448708563443572	1.7622087122859398e-10
0.0982632565709294	2.2290297385652025e-10
0.10219034196145531	2.819487421312772e-10
0.1062743730934787	3.566313910852159e-10
0.11052162229452099	4.5109083135486117e-10
0.11493861256531201	5.705621530793792e-10
0.11953212759792992	7.216653941100049e-10
0.12430922219431624	9.127721356527729e-10
0.12927723310116584	1.154467799135972e-9
0.1344437902778328	1.4601374553890878e-9
0.13981682861455733	1.846704789087994e-9
0.14540460011901132	2.3355671840974424e-9
0.15121568658987802	2.953776889746962e-9
0.15725901279693086	3.735533993243223e-9
0.16354386018785338	4.7240715783658516e-9
0.17007988114285127	5.9740405400354746e-9
0.17687711379894935	7.55451806666585e-9
0.18394599746674078	9.55281170833544e-9
0.19129738866326526	1.2079260591768559e-8
0.19894257778564078	1.5273301567919617e-8
0.20689330645105616	1.9311125754040148e-8
0.21516178552975496	2.4415346022710338e-8
0.2237607138987068	3.086719901901347e-8
0.23270329794476852	3.902194378735402e-8
0.24200327184728676	4.9328290174788236e-8
0.25167491867129516	6.235290817002692e-8
0.2617330923036988	7.881133584630717e-8
0.2721932402661378	9.96069511871589e-8
0.28307142743956476	1.258800932935067e-7
0.29438436073697494	1.5906996198022938e-7
0.30614941476217916	2.0099259057104746e-7
0.3183846584940289	2.53939033689754e-7
0.33110888303707525	3.2079896189474155e-7
0.3443416304812806	4.052161743373084e-7
0.3581032239151068	5.11784180923236e-7
0.37241479863807697	6.462920615901702e-7
0.3872983346207417	8.160333599960268e-7
0.40277669026190893	1.0301939485368727e-6
0.41887363749497974	1.3003387502874553e-6
0.43561389829730296	1.6410220942675302e-6
0.4530231826586305	2.070552541699744e-6
0.47112822806697247	2.61195050244023e-6
0.489956840572509	3.2941461793334348e-6
0.5095379374926144	4.153476723167682e-6
0.5299015918235854	5.2355553665228705e-6
0.5510790784272861	6.597602300317806e-6
0.5731029220636316	8.311347733491736e-6
0.5960069473426967	0.000010466642665352133
0.6198263306731476	0.000013175943206267249
0.6445976542867992	0.000016579870678323783
0.6703589624222543	0.000020854093221889247
0.6971498197539188	0.000026217826229857355
0.7250113721561355	0.00003294430967920592
0.7539864098957436	0.000041373691280405245
0.7841194333501342	0.000051928826093394775
0.8154567213517188	0.00006513459626589224
0.8480464022637785	0.00008164145860678484
0.8819385278968653	0.00010225404163805019
0.9171851503792542	0.0001279657349260166
0.9538404020995326	0.00016000033715865558
0.9919605788440775	0.00019986194794816003
1.0316042262571292	0.0002493943900500617
1.0728322297562287	0.00031085151656740084
1.1157079080411207	0.00038697976771673304
1.1602971103397428	0.0004811142608244501
1.2066683175406308	0.0005972894811014373
1.2548927473670908	0.000740365231440665
1.3050444637546406	0.0009161678228649384
1.3572004905997117	0.0011316454510839347
1.4114409300543267	0.0013950351972488728
1.4678490855483954	0.001716036982258834
1.5265115897286137	0.0021059869486042826
1.587518537510407	0.002578018990405148
1.650963624447313	0.003147198358082165
1.7169442906302705	0.0038306053218307434
1.7855618703378384	0.0046473397553331575
1.8569217476671882	0.005618409288927456
1.93113351838486	0.0067664546914489865
2.008311158245898	0.008115256971710755
2.0885731980398345	0.009688962385023564
2.1720429056323733	0.011510955678557082
2.258848475282382	0.01360231081451356
2.3491232245248916	0.01597975514279772
2.4430057989225524	0.018653101505857785
2.5406403849999415	0.02162213762765523
2.64217693168778	0.024873018349900414
2.747771380617183	0.02837428834922142
2.85758590561756	0.032072773825108536
2.9717891617860874	0.03588972074771778
3.0905565445111773	0.03971771819140909
3.2140704588478464	0.04341911289145828
3.3425205996586342	0.04682676861894637
3.4761042429503273	0.049748110679469174
3.6150265488539777	0.05197336749733522
3.7595008767134463	0.05328871385619423
3.909749112766498	0.05349457033287724
4.06600201092161	0.05242857543231007
4.228499547153917	0.049991719717520006
4.397491288064593	0.046174889026526375
4.573236774169643	0.041081785604829175
4.756005918506865	0.03494317943519378
4.946079421173052	0.028117085401050138
5.143749200428219	0.021070194527358446
5.3493188410288255	0.01433804184653538
5.563104060478635	0.008465032323218548
5.785433193913284	0.003930195081723429
6.016647698363178	0.0010695030911167438
6.257102677169296	9.472630660655595e-6
6.5071674253571965	0.0006281455620934743
6.767225996806843	0.0025574371156546908
7.0376777940894275	0.005234941575799626
7.318938181876874	0.008004131393801938
7.611439124866317	0.010250296544695506
7.915629851199148	0.011546336368161263
8.231977542393528	0.011769081092054746
8.560968050850128	0.011137748966180763
8.9031066460328	0.010131803891061128
9.258918790470457	0.00928001479842734
9.628950946771685	0.008881425935749438
10.013771416891787	0.008798300875299675
10.413971214940982	0.008487659094325205
10.830164974874343	0.007340750609409433
11.262991894457603	0.005179735930234503
11.713116716958355	0.002557962858692433
12.18123075207064	0.0005450518182736701
12.668052937640605	0.000035692002912927207
13.17433094382399	0.0010660203567771714
13.700842321371306	0.002728640447890233
14.248395695803977	0.00385347926234892
14.817832009315884	0.003949646850297478
15.41002581230721	0.003530866048354192
16.025886606534556	0.0033544967176194086
16.66636024193986	0.0033148982968698596
17.33243036930348	0.0025591395324245096
18.025119950952632	0.001014889197260125
18.745492831844956	0.00001725675563463429
19.494655373440636	0.0005477667380134621
20.273758152871885	0.0016709073886729637
21.083997730019707	0.0019856447810451625
21.92661848521192	0.001758893753133961
22.80291453036441	0.0017605644609147214
23.714231696501347	0.0012718446459956169
24.661969600706197	0.00019551506688313776
25.647583795678628	0.00021042830673991052
26.672588005198154	0.0010498882818472013
27.738556448927888	0.0011341238510162986
28.84712626012923	0.001075568109061447
