0.19998747906655934
0.1317778425057229
0.05232542413619996
0.02523146091013859
0.014560008465776417
0.00942444365774929
0.006585209595183922
0.004856679455793009
0.00372808512236184
0.002951200849033709
0.002393888124502744
0.001980639033090589
0.0016657932920687273
0.0014204338010051403
0.001225529602614984
0.0010681428568586264
0.0009392303137826099
0.0008323171821583325
0.0007426692304378078
0.0006667602010309995
0.0006019200431431628
0.0005460970781890763
0.0004976938051177014
0.00045545139962631495
0.0004183670790555898
0.00038563406532178334
0.00035659735041335166
0.0003307206840786141
0.00030756164437295796
0.0002867526061484669
0.00026798606517827603
0.00025100321489981585
0.00023558497731467073
0.0002215449034974325
0.00020872351125266397
0.00019698373682029314
0.0001862072570061512
0.00017629149644914595
0.00016714717795506792
0.0001586963061287686
0.00015087049887968772
0.00014360959986527364
0.00013686051908461366
0.00013057625973625844
0.0001247150979106255
0.00011923988828855141
0.00011411747420159435
0.00010931818450417813
0.00010481540295930414
0.00010058519843533148
0.00009660600629387027
0.00009285835302760197
0.00008932461756630292
0.00008598882377506311
0.0000828364595718011
0.00007985431883177816
0.0000770303628565084
0.00007435359868825443
0.00007181397196907928
0.00006940227239107619
0.00006711005007465268
0.00006492954145485873
0.0000628536034600088
0.00006087565493897416
0.000058989624438992945
0.00005718990355912909
0.00005547130520927601
0.000053829026193860255
0.00005225861361564267
0.0000507559346602965
0.00004931714937847364
0.00004793868613027277
0.0000466172193985819
0.000045349649713679635
0.00004413308546257267
0.00004296482638352797
0.000041842348569712994
0.000040763290826289885
0.000039725442243140664
0.00003872673086099044
0.00003776521332235114
0.00003683906541068882
0.00003594657339174773
0.000035086126080233726
0.0000342562075632336
0.000033455390518964745
0.000032682330075834364
0.00003193575816244255
0.00003121447830418022
0.00003051736082652989
0.000029843338429141057
0.00002919140209828438
0.000028560597328438066
0.00002795002062657359
0.00002735881627522362
0.000026786173332667515
0.000026231322850588962
0.000025693535291372855
0.00002517211812883667
0.000024666413617656602
