6.430041152263374e-13
0.00005514675175394823
0.003001156610617436
0.017761073269255183
0.01583397549052623
0.01054106176940844
0.007371245625718531
0.005431476414317922
0.004166333697099456
0.003296560412905541
0.0026731891448371317
0.0022112530870352664
0.001859470755642073
0.0015854136666516767
0.0013677636172270628
0.0011920397285042912
0.001048126430279704
0.0009287845610423251
0.000828722911965023
0.0007440014824192181
0.0006716376111719456
0.0006093398237502637
0.0005553241695189957
0.0005081850729080494
0.0004668029612648241
0.00043027717000156004
0.0003978765181551321
0.00036900242918288113
0.0003431610854791386
0.00031994217337927126
0.00029900249443247
0.0002800532100940377
0.00026284982755478783
0.00024718427357970626
0.00023287857322535656
0.00021977977252422495
0.00020775583303091468
0.00019669229129937687
0.0001864895246402701
0.0001770605005883673
0.00016832891469857337
0.00016022764193813794
0.00015269744274157615
0.00014568587696796198
0.00013914638844236496
0.00013303753013343384
0.00012732230580681775
0.00012196760856517971
0.00011694374031551212
0.0001122239991021421
0.00010778432356848762
0.00010360298568452069
0.0000996603243943235
0.00009593851407228877
0.00009242136268451186
0.00008909413537852214
0.00008594339990497143
0.00008295689083717013
0.00008012339002062298
0.00007743262107270706
0.00007487515607656364
0.0000724423328845885
0.00007012618167485596
0.00006791935959590162
0.00006581509249762515
0.00006380712288365427
0.00006188966333742109
0.000060057354773807355
0.0000583052289532956
0.00005662867476841114
0.000055023407874765726
0.00005348544329280075
0.00005201107065270448
0.00005059683179504847
0.00004923950047438557
0.000047936063943157996
0.000046683706219436345
0.00004547979286480971
0.00004432185711864397
0.00004320758725232124
0.000042134815022309767
0.000041101505114282884
0.00004010574548225469
0.00003914573849704268
0.00003821979282748949
0.00003732631598592785
0.000036463807476498446
0.000035630852491239814
0.00003482611610446663
0.000034048337920926426
0.00003329632713764723
0.00003256895798333004
0.00003186516550265374
0.00003118394165600004
0.0000305243317079126
0.000029885430880117575
0.00002926638124718677
0.000028666368854945736
0.00002808462104354645
0.00002752040395875908
